500
1.8
30001
0 0.0 0.0 0.0 0.293317078731 -1.70724984335 -0.185408273347
1 0.1 0.1 0.0 -1.59469433176 -0.362507986216 0.596170354385
2 0.1 0.0 0.1 -0.110689522408 -1.65712020103 -0.540725275107
3 0.0 0.1 0.1 -0.902863274714 -0.239888917329 -1.47811765715
4 0.2 0.0 0.0 0.0629781302829 -1.58556767995 0.707045938778
5 0.3 0.1 0.0 -0.752505499812 0.490170186824 -1.49399750441
6 0.3 0.0 0.1 1.41706054777 0.875454534488 0.407720148446
7 0.2 0.1 0.1 0.0792784456574 0.104170968408 1.714987925
8 0.4 0.0 0.0 -0.537332061428 1.38005583614 -0.898861860145
9 0.5 0.1 0.0 -1.6037869145 0.471121167878 -0.491498244531
10 0.5 0.0 0.1 -1.16270314885 -1.05280301146 -0.778107515352
11 0.4 0.1 0.1 -0.0455836631394 -1.20106869674 -1.26908969451
12 0.6 0.0 0.0 -0.783337392031 1.50711480704 -0.325965678554
13 0.7 0.1 0.0 -1.68967711224 0.415983089716 -0.00519056206615
14 0.7 0.0 0.1 0.0877127826527 1.1335643129 1.28541995469
15 0.6 0.1 0.1 1.34328452622 -0.359880461297 -1.03303551843
16 0.8 0.0 0.0 -0.105361060795 -1.73940465091 -0.0741629571262
17 0.9 0.1 0.0 -1.62721394336 -0.00876701316495 -0.633983010863
18 0.9 0.0 0.1 -1.14307801689 0.249534421244 1.27387407223
19 0.8 0.1 0.1 -0.668226189572 1.45018803569 0.647339508064
20 0.0 0.2 0.0 0.570197117169 -0.0936547068168 1.61867354944
21 0.1 0.3 0.0 0.757060678003 1.17975956742 0.985328067073
22 0.1 0.2 0.1 -1.23579869962 -0.514556315345 1.10552721279
23 0.0 0.3 0.1 -1.64097705515 0.147295386431 0.553302965341
24 0.2 0.2 0.0 1.06449016101 -0.798633461796 -1.11701941441
25 0.3 0.3 0.0 -0.279296829343 0.0617540093707 -1.72067803961
26 0.3 0.2 0.1 0.332074243806 -1.52508739003 0.757233511465
27 0.2 0.3 0.1 1.06568051612 0.287897588602 1.31259468479
28 0.4 0.2 0.0 -0.41326720863 -1.4998711164 -0.799469529829
29 0.5 0.3 0.0 -0.594329855148 1.60560026957 0.205212558474
30 0.5 0.2 0.1 -0.00796874327411 -1.73543373125 -0.174080929588
31 0.4 0.3 0.1 -0.248572739244 -1.63402668701 0.545458522709
32 0.6 0.2 0.0 0.228711242289 -0.641632530747 1.58438619689
33 0.7 0.3 0.0 -0.893287916505 0.154972053832 1.47035661479
34 0.7 0.2 0.1 -1.6758417354 0.466993545646 0.000511425550512
35 0.6 0.3 0.1 -1.73153220405 -0.110433124957 0.162692355708
36 0.8 0.2 0.0 0.990028274743 0.797442095483 1.14868080716
37 0.9 0.3 0.0 0.893264327148 -1.42869906321 0.404683147225
38 0.9 0.2 0.1 1.25716089593 -1.11586094355 -0.425005320459
39 0.8 0.3 0.1 -1.28818784624 -0.840996531963 0.81374266562
40 0.0 0.4 0.0 -0.232109985477 -1.57936646033 0.690177084404
41 0.1 0.5 0.0 0.0458669406164 -1.68915101315 0.414303116492
42 0.1 0.4 0.1 -1.29912201969 -1.12341105728 0.310793081548
43 0.0 0.5 0.1 -0.790077352742 0.00574246943678 1.53598260024
44 0.2 0.4 0.0 -0.193386761653 -1.47013102379 -0.926378382272
45 0.3 0.5 0.0 0.495328117821 0.324151597825 1.61127562006
46 0.3 0.4 0.1 -1.12287883137 -0.269412344447 1.29180734557
47 0.2 0.5 0.1 1.15009281377 -0.246536757307 -1.27461866498
48 0.4 0.4 0.0 1.09366306814 1.31815197933 0.105410380459
49 0.5 0.5 0.0 -1.391744762 0.266163273408 -1.01945941969
50 0.5 0.4 0.1 0.161581393905 1.4839825314 0.846740415883
51 0.4 0.5 0.1 1.11308497491 1.25482864786 -0.377829409422
52 0.6 0.4 0.0 0.769549905306 0.75840412017 1.33036178109
53 0.7 0.5 0.0 -1.45040978481 -0.963364716998 0.135153530376
54 0.7 0.4 0.1 1.12734602555 0.113638939819 -1.31061275445
55 0.6 0.5 0.1 1.35343789935 -0.819203491353 0.685803069796
56 0.8 0.4 0.0 0.292634465476 -0.86380429192 1.46579870511
57 0.9 0.5 0.0 1.56856428963 -0.356887981678 0.610114771417
58 0.9 0.4 0.1 1.14778160646 0.528878605427 1.15786589756
59 0.8 0.5 0.1 0.824399898388 0.640343937637 -1.38148343681
60 0.0 0.6 0.0 -0.137328017238 1.69301702007 -0.295230959436
61 0.1 0.7 0.0 1.52743355948 -0.135264276942 0.775283414007
62 0.1 0.6 0.1 -0.641695603548 1.20696753755 -1.06888390412
63 0.0 0.7 0.1 -0.693687266161 1.57984180564 0.0487137374142
64 0.2 0.6 0.0 0.691319815098 0.471644293081 -1.51902793701
65 0.3 0.7 0.0 1.68681440842 0.325415223897 0.0576123263425
66 0.3 0.6 0.1 0.829707763334 -1.30844994173 0.77015957799
67 0.2 0.7 0.1 -0.640402844546 0.387600405481 1.55277478372
68 0.4 0.6 0.0 0.371499308145 1.05726878622 1.29780953682
69 0.5 0.7 0.0 1.23530192233 1.18486306409 -0.141801763965
70 0.5 0.6 0.1 0.490941808299 1.2357825228 -1.10369343451
71 0.4 0.7 0.1 -0.529628786332 1.3225877382 -0.987177310713
72 0.6 0.6 0.0 0.193344602428 -0.875190779666 1.47621770749
73 0.7 0.7 0.0 -0.0971283986088 -0.59567399832 -1.63918786937
74 0.7 0.6 0.1 0.0153612230509 1.30197992552 -1.14049537401
75 0.6 0.7 0.1 -1.05381066425 -1.38925908638 0.103913047599
76 0.8 0.6 0.0 0.373735128627 1.21025419302 -1.17757552652
77 0.9 0.7 0.0 1.38564517245 0.553574990603 0.844059197314
78 0.9 0.6 0.1 -1.49914129988 -0.897373830592 -0.016546211321
79 0.8 0.7 0.1 0.454215923581 -1.63273986376 -0.403205834443
80 0.0 0.8 0.0 1.38308993374 0.930077262137 -0.424926622804
81 0.1 0.9 0.0 -1.60674603509 -0.217109184988 0.630422338236
82 0.1 0.8 0.1 -1.30991546748 -1.04664111259 -0.501407817616
83 0.0 0.9 0.1 0.131040763647 -1.15328033032 1.28337045681
84 0.2 0.8 0.0 0.911057603624 0.688295153356 1.27791008361
85 0.3 0.9 0.0 0.141705264689 -0.457749152959 1.6555892969
86 0.3 0.8 0.1 0.301347135107 -1.25252842947 -1.17775324452
87 0.2 0.9 0.1 0.152938949409 1.65741801968 -0.446809598533
88 0.4 0.8 0.0 1.37804451284 -0.967027884659 0.385188134239
89 0.5 0.9 0.0 1.46920063886 0.251826788764 0.849469297668
90 0.5 0.8 0.1 -0.418942694272 1.52805813011 0.671148335954
91 0.4 0.9 0.1 0.338469869714 -1.69081293232 0.22651084353
92 0.6 0.8 0.0 -0.743611800332 1.18132052454 1.00982328986
93 0.7 0.9 0.0 1.55427465331 0.131535346936 0.717059487387
94 0.7 0.8 0.1 1.48371918801 -0.701738788456 -0.548650470754
95 0.6 0.9 0.1 -0.00583673451536 1.08006481204 -1.35632566958
96 0.8 0.8 0.0 1.07140192601 1.16788712708 0.651665051891
97 0.9 0.9 0.0 0.892998540798 1.4665837287 -0.00949732766209
98 0.9 0.8 0.1 -0.905334128275 -0.605958336312 1.34787698256
99 0.8 0.9 0.1 0.741390269623 1.41290374146 0.626883853701
100 0.0 0.0 0.2 -0.559206045564 1.0741167936 -1.24482399946
101 0.1 0.1 0.2 0.813342203375 -1.31163326998 0.782214265318
102 0.1 0.0 0.3 0.166557674434 -1.63330867992 0.569439689909
103 0.0 0.1 0.3 -1.38102116045 -0.742977150898 -0.777474550072
104 0.2 0.0 0.2 0.690812684455 -1.45978769709 -0.650352772768
105 0.3 0.1 0.2 -0.303469559409 0.653991340689 -1.58343610633
106 0.3 0.0 0.3 1.56128906403 0.382773871269 -0.621959930436
107 0.2 0.1 0.3 -0.769663977412 0.477205229667 1.46768210879
108 0.4 0.0 0.2 1.15531941733 1.16025639058 0.507023311634
109 0.5 0.1 0.2 0.214260416178 1.57093465434 -0.679695368919
110 0.5 0.0 0.3 1.39300044386 0.369232161381 -0.95153491441
111 0.4 0.1 0.3 0.549053186591 -1.64681633182 0.092744394566
112 0.6 0.0 0.2 -1.24327180067 -0.490828593219 -1.12970648495
113 0.7 0.1 0.2 -0.446886468701 1.64337203585 0.260081232127
114 0.7 0.0 0.3 -1.16059604814 1.06766329462 0.706847609534
115 0.6 0.1 0.3 0.752203314445 0.526767651835 -1.47000000451
116 0.8 0.0 0.2 0.97395136418 1.40516263626 0.146579934761
117 0.9 0.1 0.2 0.399388520204 0.128050736356 1.666113106
118 0.9 0.0 0.3 1.67332858294 0.188483345529 -0.362673749449
119 0.8 0.1 0.3 -1.27038573333 0.4486599122 1.08582965191
120 0.0 0.2 0.2 0.330342208129 -0.466256484762 -1.6470040917
121 0.1 0.3 0.2 0.970880399398 -0.421612366751 -1.37761402714
122 0.1 0.2 0.3 -0.686717530508 -1.23586532269 -1.03244021048
123 0.0 0.3 0.3 -1.3834011957 0.0871828177762 1.04124833568
124 0.2 0.2 0.2 1.50304097476 -0.822603039504 -0.233179348014
125 0.3 0.3 0.2 -0.283290931805 1.16406211296 -1.25415437131
126 0.3 0.2 0.3 0.564579489068 -1.52892533349 -0.615071598525
127 0.2 0.3 0.3 1.26594489157 0.915196349051 -0.726542352961
128 0.4 0.2 0.2 -1.17847540243 0.0519689297744 1.26704751685
129 0.5 0.3 0.2 0.145237095236 -0.973127479338 -1.4428383211
130 0.5 0.2 0.3 -1.14527682091 -0.59337646968 1.16142937232
131 0.4 0.3 0.3 1.16488786391 0.124970538958 -1.27558032163
132 0.6 0.2 0.2 -0.0590975203865 1.42726208696 0.953135255502
133 0.7 0.3 0.2 -0.244976918979 -1.32023844842 1.09872581618
134 0.7 0.2 0.3 -1.47917836419 0.738270618892 -0.543307002698
135 0.6 0.3 0.3 -0.370980769231 1.44608700012 -0.875686844859
136 0.8 0.2 0.2 1.38869961153 0.965947339129 0.283783363063
137 0.9 0.3 0.2 1.60882666973 0.602226566986 0.0130485850464
138 0.9 0.2 0.3 0.728590551463 1.13088446778 -1.0831491463
139 0.8 0.3 0.3 -1.13818435322 -0.382313384954 -1.2726728847
140 0.0 0.4 0.2 0.472527777236 0.593094726768 1.53875844787
141 0.1 0.5 0.2 1.64959738099 0.474828181814 -0.09371738401
142 0.1 0.4 0.3 0.196466354798 -1.2463537415 -1.20729417449
143 0.0 0.5 0.3 -1.51072367215 0.774984561697 0.354243645809
144 0.2 0.4 0.2 0.915883679154 1.39048974376 0.409950120163
145 0.3 0.5 0.2 0.200816319083 -1.51368492817 0.82411241579
146 0.3 0.4 0.3 0.5260214 1.13615276291 1.17058354806
147 0.2 0.5 0.3 0.168570041506 -1.58632076462 0.686458968091
148 0.4 0.4 0.2 1.48052489361 0.842554816254 -0.228383097797
149 0.5 0.5 0.2 -1.11758933413 0.625834806359 1.15959586608
150 0.5 0.4 0.3 -1.49994284457 0.486508407509 -0.742996001451
151 0.4 0.5 0.3 -0.911063378226 -0.913633377375 1.16180514938
152 0.6 0.4 0.2 -0.38820432498 -0.884010242508 -1.45869109064
153 0.7 0.5 0.2 0.67082085258 0.687801682194 -1.44178851419
154 0.7 0.4 0.3 0.127854134893 -0.266366725696 1.69661261357
155 0.6 0.5 0.3 -0.787063172557 -0.292453075784 -1.53374584866
156 0.8 0.4 0.2 -0.0286143574755 -1.72832661118 -0.236281803107
157 0.9 0.5 0.2 -0.300596708796 -1.05064886842 -1.36580776623
158 0.9 0.4 0.3 -1.00205948483 0.133689015705 1.40224213546
159 0.8 0.5 0.3 0.229854016179 -1.59134076405 0.655965892249
160 0.0 0.6 0.2 0.653088039472 -0.271261618703 1.56751263375
161 0.1 0.7 0.2 -0.383673221287 -1.00660285632 1.35657124061
162 0.1 0.6 0.3 -1.57458371125 0.733769263543 0.0181635596825
163 0.0 0.7 0.3 -1.43288941544 -0.979691116182 0.189325867365
164 0.2 0.6 0.2 1.36373780466 -0.985040100654 0.391168710956
165 0.3 0.7 0.2 -1.50097749169 0.286167361305 -0.842822436727
166 0.3 0.6 0.3 1.58414705321 -0.595513532128 0.327041887675
167 0.2 0.7 0.3 -1.46561986926 -0.949626005255 0.0466031572206
168 0.4 0.6 0.2 -0.18086771621 1.50206072842 0.814985357712
169 0.5 0.7 0.2 0.237767577474 -1.71397410196 -0.206654757356
170 0.5 0.6 0.3 1.54289620462 -0.768167970478 -0.122784334248
171 0.4 0.7 0.3 -1.08507319416 -0.962977490177 -0.980706986704
172 0.6 0.6 0.2 0.623886579255 -1.45463020648 -0.727340272337
173 0.7 0.7 0.2 -0.694936967816 1.5345478982 0.368380490124
174 0.7 0.6 0.3 -1.69871276738 0.0130584372929 -0.399992894407
175 0.6 0.7 0.3 -0.21604101878 -0.972771962282 1.41494743989
176 0.8 0.6 0.2 0.387464314925 0.508502879101 1.59268903191
177 0.9 0.7 0.2 -0.628614610537 1.55280447055 0.405522405231
178 0.9 0.6 0.3 -0.166868434907 1.62130668272 -0.569285733564
179 0.8 0.7 0.3 1.10970672104 0.907601327552 0.938044107507
180 0.0 0.8 0.2 -0.192647988005 1.50170583939 -0.835080997275
181 0.1 0.9 0.2 0.615692422874 -1.60858034956 -0.246160777429
182 0.1 0.8 0.3 -1.64000669921 0.280944152419 -0.522256973629
183 0.0 0.9 0.3 1.61299154296 -0.5812516405 -0.205589059244
184 0.2 0.8 0.2 -0.553909746427 -1.53496171009 0.607939197617
185 0.3 0.9 0.2 0.93015660806 1.42231377684 -0.256547664396
186 0.3 0.8 0.3 1.38311356532 0.416751832402 -0.945814080921
187 0.2 0.9 0.3 0.801688555169 -1.52968855199 0.171921411328
188 0.4 0.8 0.2 0.338014793831 1.6654206575 -0.272235058032
189 0.5 0.9 0.2 1.64133856663 -0.103659917926 -0.522468786051
190 0.5 0.8 0.3 1.01100354923 -0.77005346114 -1.18559221095
191 0.4 0.9 0.3 -1.51715387775 0.0225481408157 -0.865769710637
192 0.6 0.8 0.2 1.19996769068 1.08468288105 0.566519034874
193 0.7 0.9 0.2 -0.0713227846172 -0.683745060363 -1.60600202302
194 0.7 0.8 0.3 -1.11291021642 0.133202204516 -1.33963000671
195 0.6 0.9 0.3 -0.304956928466 -0.191504453808 -1.70843062844
196 0.8 0.8 0.2 -0.644173348012 0.595215028032 1.48299555325
197 0.9 0.9 0.2 -0.461240853897 1.45250313759 -0.820822479801
198 0.9 0.8 0.3 0.420362664731 0.537143398622 1.57454173435
199 0.8 0.9 0.3 0.469144125176 -0.138635588669 1.64840449633
200 0.0 0.0 0.4 -1.13542395427 1.16858420191 0.576062549497
201 0.1 0.1 0.4 0.987126644773 -0.729629381933 -1.23068602303
202 0.1 0.0 0.5 -1.5899022539 -0.660507495486 -0.303327178981
203 0.0 0.1 0.5 0.71463042613 1.40822529289 0.667048111092
204 0.2 0.0 0.4 1.22984509372 -0.356665416217 1.14713352116
205 0.3 0.1 0.4 0.0580493344707 -0.501858758073 1.64873111317
206 0.3 0.0 0.5 1.22324353396 1.2016579993 0.0701130442161
207 0.2 0.1 0.5 1.66084221825 -0.305802832034 0.333200882015
208 0.4 0.0 0.4 -0.845994257808 0.974766118942 1.14289352456
209 0.5 0.1 0.4 -0.400014103501 -1.6690084522 0.305163280225
210 0.5 0.0 0.5 0.784674297461 1.45554146009 0.454449716737
211 0.4 0.1 0.5 -1.55533013525 0.305896422963 0.706606813117
212 0.6 0.0 0.4 -0.911064704868 1.22275768803 -0.828352509992
213 0.7 0.1 0.4 1.25881531045 -1.17719993629 0.156094397421
214 0.7 0.0 0.5 0.172019861121 -1.35740789367 1.06326579145
215 0.6 0.1 0.5 1.62488876042 -0.531313494464 -0.242394317579
216 0.8 0.0 0.4 -1.33062675457 0.208601292428 -1.11128291258
217 0.9 0.1 0.4 -0.198209111088 0.0967142381261 -1.72961297854
218 0.9 0.0 0.5 1.38670194021 0.7809761743 0.636837074297
219 0.8 0.1 0.5 0.205272945067 -1.30943622967 -1.13685567844
220 0.0 0.2 0.4 -0.866624353564 -0.239384363406 -1.49962107154
221 0.1 0.3 0.4 0.835920466921 1.29023602905 0.75711713353
222 0.1 0.2 0.5 -1.18625253775 -0.559900505883 1.13696565864
223 0.0 0.3 0.5 1.20589136998 -0.981731364819 0.748778268536
224 0.2 0.2 0.4 -0.311459632278 1.42211042774 0.914404292823
225 0.3 0.3 0.4 -0.909903731052 -0.675379108713 1.31222452051
226 0.3 0.2 0.5 1.0877525102 -0.979533759078 -0.935667969091
227 0.2 0.3 0.5 1.18437046585 0.35244566687 -1.21073932384
228 0.4 0.2 0.4 -0.248681714411 1.43172891776 0.917708075956
229 0.5 0.3 0.4 -1.42058448479 -0.984173911288 0.246428624402
230 0.5 0.2 0.5 -0.293384270106 1.48563823266 0.814098098707
231 0.4 0.3 0.5 -1.4338609853 -0.542693240374 0.821514067029
232 0.6 0.2 0.4 0.506297110195 1.38913094986 0.867934019598
233 0.7 0.3 0.4 -1.44002768078 0.77535519385 -0.593950657188
234 0.7 0.2 0.5 -0.191725678967 -0.968839763598 -1.44282626878
235 0.6 0.3 0.5 -0.205920514157 -0.601697280445 1.60562667621
236 0.8 0.2 0.4 -0.696473264761 -1.42536526684 0.717008759788
237 0.9 0.3 0.4 1.64551780511 -0.431686985228 -0.292737259114
238 0.9 0.2 0.5 1.52168832125 -0.752632971849 -0.329166530739
239 0.8 0.3 0.5 1.23662280909 -0.456444915417 -1.12695854249
240 0.0 0.4 0.4 -1.46486343511 -0.949605928435 0.0635432088744
241 0.1 0.5 0.4 1.04219584482 1.05832155793 0.853769646538
242 0.1 0.4 0.5 -1.46654785025 -0.782764782423 0.523831311863
243 0.0 0.5 0.5 -1.13933952941 -1.32108443897 0.0928488465886
244 0.2 0.4 0.4 0.288253990485 1.27003534309 1.11588928157
245 0.3 0.5 0.4 -1.24664994289 -0.124578595862 -1.21951766263
246 0.3 0.4 0.5 0.618439308565 0.222297398921 -1.60778013103
247 0.2 0.5 0.5 -0.944658529124 1.39255136214 0.387404449773
248 0.4 0.4 0.4 -1.4625355323 0.33351061105 -0.891129913743
249 0.5 0.5 0.4 -1.5317471935 0.194180509858 0.792472013842
250 0.5 0.4 0.5 -1.57060897633 -0.383689577646 0.644000804932
251 0.4 0.5 0.5 0.30861102628 0.663437883182 1.55215690328
252 0.6 0.4 0.4 -1.47820557305 0.0715353570186 -0.927925911241
253 0.7 0.5 0.4 -0.390183163819 -1.58214911502 -0.633860905554
254 0.7 0.4 0.5 0.311944815219 -1.1033920945 1.29390301725
255 0.6 0.5 0.5 -1.48464714977 0.807720022441 -0.408964178814
256 0.8 0.4 0.4 1.02936742605 -1.20413470649 -0.714127290046
257 0.9 0.5 0.4 1.26839822125 0.395627438916 -1.10561526322
258 0.9 0.4 0.5 1.10613179764 1.30448529298 -0.159255928899
259 0.8 0.5 0.5 1.22874052227 0.396809866857 1.12795658037
260 0.0 0.6 0.4 -0.0874515360423 0.245957002172 -1.72226284726
261 0.1 0.7 0.4 -0.664573722859 -1.54693971029 0.451616465793
262 0.1 0.6 0.5 -0.283789957048 -0.106315657368 -1.71885484624
263 0.0 0.7 0.5 -0.252651896413 -0.265511398699 -1.70719888428
264 0.2 0.6 0.4 1.55872688025 -0.436030315547 -0.607400083275
265 0.3 0.7 0.4 0.478026084358 -1.27111738188 1.07220510389
266 0.3 0.6 0.5 -0.79441551414 -1.17240264638 -1.02964198535
267 0.2 0.7 0.5 0.0691055388838 -1.07175096919 1.3560294319
268 0.4 0.6 0.4 -1.2197090561 1.07999690918 -0.601827912136
269 0.5 0.7 0.4 -0.921827666862 -0.921119857012 1.14762261215
270 0.5 0.6 0.5 1.59603667945 0.623867952393 0.110836834062
271 0.4 0.7 0.5 -0.879326724134 -1.02003781659 -1.11918674184
272 0.6 0.6 0.4 -0.163478978173 -1.51200095553 0.839923909774
273 0.7 0.7 0.4 -1.62050480584 -0.64150510511 0.0995567001366
274 0.7 0.6 0.5 -1.15217618259 -0.866824445812 0.97164798689
275 0.6 0.7 0.5 -0.574852559677 -1.54420869224 -0.586831580033
276 0.8 0.6 0.4 -1.20963103692 -0.237437692348 1.21878139655
277 0.9 0.7 0.4 0.394772323088 1.15185795615 -1.22898504212
278 0.9 0.6 0.5 -0.610595459004 -0.651296578286 -1.50456735687
279 0.8 0.7 0.5 0.0790408346618 1.66568976625 -0.436471795575
280 0.0 0.8 0.4 1.06623781982 -0.343604525585 1.30406181497
281 0.1 0.9 0.4 -1.59778138092 -0.620164851176 0.322646981492
282 0.1 0.8 0.5 -1.25114432869 -0.400676905525 1.13378536084
283 0.0 0.9 0.5 -0.483437661156 -0.723268881664 1.49560272249
284 0.2 0.8 0.4 -1.22019907853 -0.0428194296435 -1.25078805127
285 0.3 0.9 0.4 -0.17109112454 -0.951717366921 1.43461363111
286 0.3 0.8 0.5 1.31707231702 -0.185574029682 -1.1092312307
287 0.2 0.9 0.5 -0.688710587803 1.10712217183 1.12519715982
288 0.4 0.8 0.4 -0.380923028818 1.11977638423 1.24794979462
289 0.5 0.9 0.4 0.630711835255 -1.32434588537 0.918355513294
290 0.5 0.8 0.5 0.0896717438562 1.67933784859 0.35380429435
291 0.4 0.9 0.5 -0.878231403649 -0.644368744806 -1.37003859056
292 0.6 0.8 0.4 1.29199308054 0.516191279101 -1.0232632511
293 0.7 0.9 0.4 -1.65287655094 -0.548638585602 0.11331690493
294 0.7 0.8 0.5 -0.249157705833 1.66428912319 0.359311381835
295 0.6 0.9 0.5 -0.56561426579 -1.44432011194 0.787939423019
296 0.8 0.8 0.4 0.958162095788 -0.0566347056668 1.4239600999
297 0.9 0.9 0.4 0.435488063188 -0.716431858978 1.50670640883
298 0.9 0.8 0.5 0.119882648059 0.492757938341 -1.66309356868
299 0.8 0.9 0.5 -1.19529381367 -0.405368292268 1.1899438938
300 0.0 0.0 0.6 -0.655505584912 0.468317565395 -1.54565039852
301 0.1 0.1 0.6 -0.841537298272 0.0615336989748 1.50733545574
302 0.1 0.0 0.7 -1.56825832263 -0.741394564472 -0.215252526246
303 0.0 0.1 0.7 -0.649749025591 1.17221435213 -1.10294332454
304 0.2 0.0 0.6 -0.435558074835 -1.41354796344 -0.93449702114
305 0.3 0.1 0.6 0.252462050035 -1.49832514898 0.836818464161
306 0.3 0.0 0.7 1.10407969079 -1.27105970467 -0.422318817562
307 0.2 0.1 0.7 -1.00785792451 1.11362689274 -0.872287966112
308 0.4 0.0 0.6 -1.13461386975 1.27881868155 -0.283426767028
309 0.5 0.1 0.6 1.55886774332 0.627963454363 -0.368332091753
310 0.5 0.0 0.7 1.67379805157 0.293180601513 -0.274380416648
311 0.4 0.1 0.7 -0.646319071319 0.40121610587 1.54684127488
312 0.6 0.0 0.6 0.913656239555 -0.173849985935 -1.46661699868
313 0.7 0.1 0.6 0.727472077499 -1.51112981536 0.441346156127
314 0.7 0.0 0.7 0.736095285372 1.49790315035 0.395868365914
315 0.6 0.1 0.7 -1.08996104255 0.214351085637 -1.34715957889
316 0.8 0.0 0.6 1.09846276792 1.06418155375 -0.794263611675
317 0.9 0.1 0.6 -0.418232697905 1.52324691054 -0.704274168606
318 0.9 0.0 0.7 -1.36316552777 0.793370204018 -0.735528067222
319 0.8 0.1 0.7 1.56706771465 -0.411152030122 -0.602581497556
320 0.0 0.2 0.6 0.523873524024 -1.62238462397 0.332042620236
321 0.1 0.3 0.6 0.22140746353 -0.860499572517 1.4805556667
322 0.1 0.2 0.7 -0.63637289213 0.516650757685 -1.537689706
323 0.0 0.3 0.7 0.831982772243 1.49724796029 -0.133598715878
324 0.2 0.2 0.6 -0.55489269322 1.50368639674 -0.651532827418
325 0.3 0.3 0.6 0.629277641965 -0.550430484681 -1.52736300949
326 0.3 0.2 0.7 0.546764670583 0.336263199973 1.59174195579
327 0.2 0.3 0.7 0.510812764485 1.2198872401 1.09041665187
328 0.4 0.2 0.6 -0.777138773084 -1.26259235005 -0.931204647491
329 0.5 0.3 0.6 1.33184073569 1.08035498586 0.0677287826991
330 0.5 0.2 0.7 -1.18348897748 -1.16483692271 -0.553366766095
331 0.4 0.3 0.7 -1.50830806448 -0.656112860154 -0.595924017635
332 0.6 0.2 0.6 -0.407173340439 1.22619001616 -1.15675532825
333 0.7 0.3 0.6 0.507163408752 -1.02135654198 1.29708438196
334 0.7 0.2 0.7 -1.38130479215 -0.92232734753 0.529397995061
335 0.6 0.3 0.7 1.034919361 1.17751873058 0.691830191708
336 0.8 0.2 0.6 -1.33678734261 -1.10722197181 -0.213059720376
337 0.9 0.3 0.6 0.120570162866 1.70979870252 -0.159255531565
338 0.9 0.2 0.7 1.49509802682 0.574205537561 -0.63520435532
339 0.8 0.3 0.7 0.101627042901 -0.134664145793 1.71308274664
340 0.0 0.4 0.6 0.0360787390227 0.0813402436449 -1.74003050305
341 0.1 0.5 0.6 0.912293933575 -0.935079450662 -1.14850406737
342 0.1 0.4 0.7 -0.0523662062558 0.437625906998 -1.6835214234
343 0.0 0.5 0.7 0.356941660883 -1.4002351005 0.955955955267
344 0.2 0.4 0.6 1.44002840206 -0.262952161285 -0.922817517407
345 0.3 0.5 0.6 0.101799097338 1.70414616427 -0.225439934759
346 0.3 0.4 0.7 -1.22640486703 0.815326017814 -0.927667207633
347 0.2 0.5 0.7 0.98822569362 0.798814594935 -1.17123238544
348 0.4 0.4 0.6 -0.250879456 -1.66414333895 0.447117401563
349 0.5 0.5 0.6 -0.795230687965 -1.52102195548 -0.335128059898
350 0.5 0.4 0.7 0.714991772554 -1.36353259155 0.791471806238
351 0.4 0.5 0.7 -0.133179413965 1.5506074981 0.728536527405
352 0.6 0.4 0.6 -0.33846361883 1.47478308279 0.817050457888
353 0.7 0.5 0.6 -0.421966017344 0.221508382159 1.65557601096
354 0.7 0.4 0.7 -0.402123405883 1.27016163372 -1.10918005934
355 0.6 0.5 0.7 -0.637527908899 1.60380257042 0.0058049226056
356 0.8 0.4 0.6 -1.04960878187 -0.692141512366 1.19634268929
357 0.9 0.5 0.6 -0.943667161531 1.40292300536 0.351427052206
358 0.9 0.4 0.7 -1.31665273908 -0.427419966312 1.04833793866
359 0.8 0.5 0.7 -1.47820529012 -0.185157838614 0.89304969021
360 0.0 0.6 0.6 1.00013082583 -0.768187967185 1.17420354196
361 0.1 0.7 0.6 0.0273379621941 -0.0432060418621 -1.74240880328
362 0.1 0.6 0.7 0.665188219884 -0.350405202649 -1.56916554434
363 0.0 0.7 0.7 1.18784847014 -0.23851639615 1.21841436587
364 0.2 0.6 0.6 -0.445344664063 0.894653872907 1.40023436422
365 0.3 0.7 0.6 -1.3015126237 -0.946158638042 -0.68944354451
366 0.3 0.6 0.7 -1.70584539632 0.121298939599 0.321117340442
367 0.2 0.7 0.7 -1.30023666877 -1.16346600803 -0.110686868557
368 0.4 0.6 0.6 1.51356762866 0.645391357955 0.484304438221
369 0.5 0.7 0.6 0.0163232264489 0.628608560965 1.5985399352
370 0.5 0.6 0.7 0.873914221373 0.153451131719 1.46898599888
371 0.4 0.7 0.7 1.09471847829 -0.533470850369 -1.2376797716
372 0.6 0.6 0.6 0.347605106166 1.6444163052 -0.373540258086
373 0.7 0.7 0.6 -1.1566699111 -1.30996531602 -0.0304837639033
374 0.7 0.6 0.7 1.19109285213 -0.928836600928 0.833370359737
375 0.6 0.7 0.7 1.12845899673 -1.25035873694 0.396429175425
376 0.8 0.6 0.6 -0.142447391455 -0.527528718324 1.6371281537
377 0.9 0.7 0.6 -0.692278585812 1.53930792462 0.353447699077
378 0.9 0.6 0.7 1.70971839697 0.178516372587 -0.0714724368339
379 0.8 0.7 0.7 -1.5775729854 -0.564909408248 0.478204633076
380 0.0 0.8 0.6 -0.201726331332 -0.00331131802343 -1.73258058527
381 0.1 0.9 0.6 -0.0414900948572 0.866448010789 1.48219211612
382 0.1 0.8 0.7 -0.973544530733 -1.41501271522 0.309195677133
383 0.0 0.9 0.7 -0.808528838321 0.969757139666 -1.19522101704
384 0.2 0.8 0.6 -1.02924869355 1.37333086038 0.206222368877
385 0.3 0.9 0.6 1.23080045365 -0.39642817761 -1.15543227479
386 0.3 0.8 0.7 0.827155323271 -0.899598410468 1.21712999864
387 0.2 0.9 0.7 -0.383914963353 -0.203330168664 -1.6915366602
388 0.4 0.8 0.6 -0.599995742744 1.42198221193 -0.785603537908
389 0.5 0.9 0.6 -1.2690283992 0.891381600987 0.765822084065
390 0.5 0.8 0.7 0.14890226867 -0.642524500981 -1.61595347357
391 0.4 0.9 0.7 -0.980963507015 0.713728752551 -1.24964176478
392 0.6 0.8 0.6 -0.354333826603 -1.70338306711 0.124044351995
393 0.7 0.9 0.6 0.866936835991 0.932458494655 -1.16836965675
394 0.7 0.8 0.7 -0.863747983389 -0.223211900794 -1.50365964353
395 0.6 0.9 0.7 1.36349350905 1.0361160494 0.110622824001
396 0.8 0.8 0.6 0.551015517101 -0.496723419272 -1.57577011141
397 0.9 0.9 0.6 1.63488205836 -0.519398349148 -0.192681334269
398 0.9 0.8 0.7 -0.00724835973509 0.449512254995 -1.68079680469
399 0.8 0.9 0.7 0.256320820007 -1.64159222207 0.508645970295
400 0.0 0.0 0.8 -1.16098725913 -1.29814342217 0.134082569241
401 0.1 0.1 0.8 0.0298271605273 1.32972725213 1.08501877138
402 0.1 0.0 0.9 1.06806621126 1.33632036301 0.133297371533
403 0.0 0.1 0.9 1.40691026183 -0.908034463699 0.419423274597
404 0.2 0.0 0.8 -0.330315874815 1.43245514427 0.891733516664
405 0.3 0.1 0.8 1.55513718708 0.608797993752 0.393405029061
406 0.3 0.0 0.9 1.67378841024 -0.404750288975 0.0718997811719
407 0.2 0.1 0.9 0.513074806509 -0.267670018629 1.61992411478
408 0.4 0.0 0.8 -0.630564109371 0.323999070328 1.5715094474
409 0.5 0.1 0.8 -0.0237484983029 -1.61850048275 0.634055867992
410 0.5 0.0 0.9 0.330929545989 -1.15778045565 1.24134201386
411 0.4 0.1 0.9 -0.391805424591 1.67691531926 0.0687078240514
412 0.6 0.0 0.8 -0.239406828921 1.68892488548 0.230918810675
413 0.7 0.1 0.8 -1.64349316891 0.0433739434646 0.565476999128
414 0.7 0.0 0.9 -0.861186172525 -0.838552288579 1.25101560443
415 0.6 0.1 0.9 -0.380069963696 -0.271424943461 1.66123649095
416 0.8 0.0 0.8 0.139519133909 -1.38018857647 1.03924783839
417 0.9 0.1 0.8 -0.0699804371903 -1.65157048534 0.541593359347
418 0.9 0.0 0.9 -0.732709468357 -1.33704107407 -0.860105997377
419 0.8 0.1 0.9 -1.15523632058 1.28606111636 -0.104380400382
420 0.0 0.2 0.8 -0.192411411589 -1.38643036338 1.0261206369
421 0.1 0.3 0.8 1.22032676862 0.420078808915 1.12851467237
422 0.1 0.2 0.9 -0.121272653508 -1.38979935511 -1.05359257604
423 0.0 0.3 0.9 0.306555671702 1.43768786721 0.883954598313
424 0.2 0.2 0.8 1.4879998272 -0.40833517577 0.76073215426
425 0.3 0.3 0.8 1.5125490408 0.229661509679 0.777262211847
426 0.3 0.2 0.9 0.975860001206 -0.505773605313 1.32382229401
427 0.2 0.3 0.9 0.249639438031 0.547106315005 -1.62992240075
428 0.4 0.2 0.8 1.12640749232 -1.1462496354 -0.657409181114
429 0.5 0.3 0.8 0.208116758477 1.35524109728 1.0310429242
430 0.5 0.2 0.9 -0.487558941319 1.27694816799 1.04471163156
431 0.4 0.3 0.9 1.02140034651 -0.757507915164 1.16258552189
432 0.6 0.2 0.8 -0.813278144638 1.30797344536 -0.796498681346
433 0.7 0.3 0.8 1.25629795863 1.16481158713 0.0980868447933
434 0.7 0.2 0.9 1.14888671754 -1.28200489567 -0.209889022637
435 0.6 0.3 0.9 -0.169509232654 -0.585484773893 1.61542060523
436 0.8 0.2 0.8 -0.744734518922 -0.848120297748 1.31610728483
437 0.9 0.3 0.8 -0.174665630836 1.6801404955 -0.348153869563
438 0.9 0.2 0.9 1.69651755079 0.271639282593 -0.081336272299
439 0.8 0.3 0.9 1.36675957619 -0.218013256233 -1.04021910723
440 0.0 0.4 0.8 -0.272893710045 1.68866140377 0.196361313411
441 0.1 0.5 0.8 -0.131061941672 0.478626021346 -1.66815260575
442 0.1 0.4 0.9 1.15478482631 1.26231910527 -0.152667272588
443 0.0 0.5 0.9 0.218963845683 -0.441061825248 1.65110441627
444 0.2 0.4 0.8 0.343328150384 -0.583258295083 -1.60701111142
445 0.3 0.5 0.8 -0.0182212646055 0.637317014092 -1.61722251166
446 0.3 0.4 0.9 -0.916622653727 0.844086853492 -1.21473537721
447 0.2 0.5 0.9 -0.543603511298 -0.752207486232 -1.48313527553
448 0.4 0.4 0.8 0.812186564755 -1.43871196718 -0.544209588856
449 0.5 0.5 0.8 -1.08522205411 -0.687293693847 1.16756245311
450 0.5 0.4 0.9 0.733252034506 -0.59921447517 1.43831941219
451 0.4 0.5 0.9 -0.548828758685 1.62477861455 0.177117588691
452 0.6 0.4 0.8 -1.64599349571 0.105864981804 0.548872315941
453 0.7 0.5 0.8 0.87459733148 -1.11855687235 0.983701764236
454 0.7 0.4 0.9 -1.2631578697 1.16663280763 0.20265729598
455 0.6 0.5 0.9 1.10688779886 -0.997749402562 0.870509952027
456 0.8 0.4 0.8 0.898558134503 -0.567249493178 -1.3761396424
457 0.9 0.5 0.8 -0.785368625208 -0.358873077386 1.49887303917
458 0.9 0.4 0.9 0.0422677317051 -0.227129821437 1.70681322832
459 0.8 0.5 0.9 0.378707288456 -0.187531021644 1.66751484859
460 0.0 0.6 0.8 -0.40873295786 -1.26414430553 -1.13868509605
461 0.1 0.7 0.8 -1.11398098042 -0.260865003215 -1.32296090426
462 0.1 0.6 0.9 -1.49656944031 -0.853607986967 0.27772907854
463 0.0 0.7 0.9 -0.0654268965955 -1.23120567026 -1.23916291278
464 0.2 0.6 0.8 -0.936024956644 1.43566234248 -0.238753586782
465 0.3 0.7 0.8 0.389987661124 1.11571107301 -1.26403830108
466 0.3 0.6 0.9 0.760835146044 1.52968396861 -0.187129364957
467 0.2 0.7 0.9 -0.933185010797 0.167291040653 1.4443971278
468 0.4 0.6 0.8 -0.749331829533 1.27707207419 -0.903234530528
469 0.5 0.7 0.8 -1.55950599118 -0.769182484368 0.154991561999
470 0.5 0.6 0.9 -1.19268617992 -1.07831703814 0.670720419933
471 0.4 0.7 0.9 -1.56573221473 0.735002258849 -0.174113214923
472 0.6 0.6 0.8 -1.73706864441 -0.0675065928172 0.122345235925
473 0.7 0.7 0.8 1.04914139858 0.172145641074 -1.36853977064
474 0.7 0.6 0.9 1.39594167816 0.986637090663 0.149352329765
475 0.6 0.7 0.9 0.837516248102 1.28015945579 -0.794166839936
476 0.8 0.6 0.8 1.02041152918 -1.3639778934 -0.33653543004
477 0.9 0.7 0.8 1.50117583788 0.402743442115 -0.747583940135
478 0.9 0.6 0.9 1.60718571455 -0.119098557045 0.597479273303
479 0.8 0.7 0.9 -0.0854704736226 0.493661046628 -1.66631793655
480 0.0 0.8 0.8 -1.24803939635 -0.935875652936 -0.794943125333
481 0.1 0.9 0.8 -0.269509777901 -1.25284189658 -1.1905090907
482 0.1 0.8 0.9 -1.46447579981 0.486168706265 -0.811320830305
483 0.0 0.9 0.9 -1.5036816607 0.621293102749 0.59929262449
484 0.2 0.8 0.8 1.34212420871 0.213572079232 1.04687663377
485 0.3 0.9 0.8 -0.952333657951 -0.235991272388 1.42553875723
486 0.3 0.8 0.9 -0.789159446075 0.427077376559 1.47324032646
487 0.2 0.9 0.9 0.776322099714 1.53106661904 -0.0621762196346
488 0.4 0.8 0.8 1.04559305895 -0.0882237570288 -1.38139827063
489 0.5 0.9 0.8 0.0685757832515 -1.72906485137 -0.216423873486
490 0.5 0.8 0.9 0.472095860305 1.56745912468 -0.535896363523
491 0.4 0.9 0.9 -1.57935691107 -0.197993776202 -0.722013277013
492 0.6 0.8 0.8 0.392788375295 -1.45629194426 0.854124079841
493 0.7 0.9 0.8 0.80440114587 0.491965315723 -1.4540879144
494 0.7 0.8 0.9 -1.09280404587 -1.31894285523 -0.356287264007
495 0.6 0.9 0.9 -0.34427773992 1.68872261017 0.00611966814945
496 0.8 0.8 0.8 -1.70132399962 -0.117561312603 -0.373923244641
497 0.9 0.9 0.8 0.0215568246306 -0.531274025729 -1.66282315234
498 0.9 0.8 0.9 -0.90514092004 -1.46892586005 -0.285238801861
499 0.8 0.9 0.9 -0.235048142381 1.44543976641 -0.921473340956
0
-0.0210674866337 -0.00965821110429 0.030725697738
1.5
0.00730693915312
419 434
2.46215897889 -2.40506020642 0.0228246758253
           0
 -0.53311367932131837      -0.45367732119787202      -0.76951166618126177     
   1.5192796102589781     
   7.3069391531208339E-003
         419         434
  -0.0000000000000000       -0.0000000000000000       -0.0000000000000000     
1
-0.0210674866337 -0.00965821110429 0.030725697738
1.5
7.73095401664e-06
243 258
2.46924371891 2.38709935888 0.0544832211218
           1
 -0.53311367932131837      -0.45367732119787202      -0.76951166618126177     
   1.5192796102589781     
   7.7309540166391882E-006
         243         258
  -91049.496270585732       -103571.96541713784       -234421.70706226054     
2
-0.0210674866337 -0.00965821110429 0.030725697738
1.5
2.32461881974e-05
401 422
0.0326339560784 -2.35593702294 -2.48140086414
           2
 -0.53311367932131837      -0.45367732119787202      -0.76951166618126177     
   1.5192796102589781     
   2.3246188197426597E-005
         401         422
  -0.0000000000000000       -0.0000000000000000        0.0000000000000000     
3
-0.0210674866337 -0.00965821110429 0.030725697738
1.5
1.16495853648e-05
363 461
-2.44593026989 0.00483555565824 -2.39409987438
           3
 -0.53311367932131837      -0.45367732119787202      -0.76951166618126177     
   1.5192796102589781     
   1.1649585364792957E-005
         363         461
  -0.0000000000000000       -0.0000000000000000       -0.0000000000000000     
4
-0.0210674866337 -0.00965821110429 0.030725697738
1.5
0.00012180221621
416 499
0.0805872986863 2.27170209788 -2.45778490953
           4
 -0.53311367932131837      -0.45367732119787202      -0.76951166618126177     
   1.5192796102589781     
   1.2180221621021017E-004
         416         499
  -0.0000000000000000       -0.0000000000000000       -0.0000000000000000     
5
-0.0210674866337 -0.00965821110429 0.030725697738
1.5
1.30813989307e-06
83 180
0.0698569760306 2.31507208333 -2.43086446901
           5
 -0.53311367932131837      -0.45367732119787202      -0.76951166618126177     
   1.5192796102589781     
   1.3081398930730320E-006
          83         180
   6793.7661213888514        5174.6087252749139        27431.668765585466     
6
-0.0210674866337 -0.00965821110429 0.030725697738
1.5
0.000200404688699
358 456
2.34012657192 0.0302494025301 -2.2948557839
           6
 -0.53311367932131837      -0.45367732119787202      -0.76951166618126177     
   1.5192796102589781     
   2.0040468869924732E-004
         358         456
  -0.0000000000000000        0.0000000000000000        0.0000000000000000     
7
-0.0210674866337 -0.00965821110429 0.030725697738
1.5
0.000109843477147
287 304
-0.054674868464 -2.23059384562 -2.33015359074
           7
 -0.53311367932131837      -0.45367732119787202      -0.76951166618126177     
   1.5192796102589781     
   1.0984347714678658E-004
         287         304
  -0.0000000000000000       -0.0000000000000000       -0.0000000000000000     
8
-0.0210674866337 -0.00965821110429 0.030725697738
1.5
7.92671898131e-06
235 332
0.0432968168099 2.36815326939 -2.1671094037
           8
 -0.53311367932131837      -0.45367732119787202      -0.76951166618126177     
   1.5192796102589781     
   7.9267189813086308E-006
         235         332
  -0.0000000000000000       -0.0000000000000000       -0.0000000000000000     
9
-0.0210674866337 -0.00965821110429 0.030725697738
1.5
8.45631537986e-06
225 227
2.28807485755 -0.219227870326 -2.1966383397
           9
 -0.53311367932131837      -0.45367732119787202      -0.76951166618126177     
   1.5192796102589781     
   8.4563153798598162E-006
         225         227
  -2156.6237310189995        8786.2027916269908       -4494.7944891442821     
10
-0.0210674866337 -0.00965821110429 0.030725697738
1.5
8.76204828698e-05
454 455
2.21783065785 -2.26207544769 -0.14367647343
          10
 -0.53311367932131837      -0.45367732119787202      -0.76951166618126177     
   1.5192796102589781     
   8.7620482869834454E-005
         454         455
  -0.0000000000000000       -0.0000000000000000       -0.0000000000000000     
11
-0.0210674866337 -0.00965821110429 0.030725697738
1.5
4.42308314513e-06
475 494
-2.31244594464 -2.16847333436 -0.094264893384
          11
 -0.53311367932131837      -0.45367732119787202      -0.76951166618126177     
   1.5192796102589781     
   4.4230831451313318E-006
         475         494
  -0.0000000000000000       -0.0000000000000000       -0.0000000000000000     
12
-0.0210674866337 -0.00965821110429 0.030725697738
1.5
1.71774955658e-05
26 105
0.136811136575 2.25286872134 -2.21808365569
          12
 -0.53311367932131837      -0.45367732119787202      -0.76951166618126177     
   1.5192796102589781     
   1.7177495565800366E-005
          26         105
                  Infinity                  Infinity                  Infinity
13
-0.0210674866337 -0.00965821110429 0.030725697738
1.5
2.65658952665e-06
214 393
-0.149459120354 2.22612402295 -2.23864802999
          13
 -0.53311367932131837      -0.45367732119787202      -0.76951166618126177     
   1.5192796102589781     
   2.6565895266533746E-006
         214         393
  -2918.1731425421758       -3486.9537848751206       -5699.6031814710341     
14
-0.0210674866337 -0.00965821110429 0.030725697738
1.5
2.85370689182e-05
386 465
0.0942490325924 2.28085510309 -2.18042054089
          14
 -0.53311367932131837      -0.45367732119787202      -0.76951166618126177     
   1.5192796102589781     
   2.8537068918164932E-005
         386         465
   0.0000000000000000        0.0000000000000000        0.0000000000000000     
15
-0.0210674866337 -0.00965821110429 0.030725697738
1.5
3.74832671601e-06
327 444
0.036046831402 -2.3213731697 -2.12890151566
          15
 -0.53311367932131837      -0.45367732119787202      -0.76951166618126177     
   1.5192796102589781     
   3.7483267160080130E-006
         327         444
  -0.0000000000000000       -0.0000000000000000       -0.0000000000000000     
16
-0.0210674866337 -0.00965821110429 0.030725697738
1.5
8.57717500492e-05
379 473
2.1029388618 -0.157714631202 -2.26983640616
          16
 -0.53311367932131837      -0.45367732119787202      -0.76951166618126177     
   1.5192796102589781     
   8.5771750049227699E-005
         379         473
  -0.0000000000000000       -0.0000000000000000       -0.0000000000000000     
17
-0.0210674866337 -0.00965821110429 0.030725697738
1.5
4.00975323668e-05
231 325
2.23447260123 0.00167372533063 -2.17266148845
          17
 -0.53311367932131837      -0.45367732119787202      -0.76951166618126177     
   1.5192796102589781     
   4.0097532366797570E-005
         231         325
  -8784584.5172574427       -19097.386987254373       -603002.33811240003     
18
-0.0210674866337 -0.00965821110429 0.030725697738
1.5
1.63706298292e-05
372 373
-2.31382289539 -2.00495598366 -0.0730696623404
          18
 -0.53311367932131837      -0.45367732119787202      -0.76951166618126177     
   1.5192796102589781     
   1.6370629829218220E-005
         372         373
  -0.0000000000000000       -0.0000000000000000       -0.0000000000000000     
19
-0.0210674866337 -0.00965821110429 0.030725697738
1.5
1.76899455385e-05
369 390
-0.0279470649563 -2.3333723835 -1.9237207754
          19
 -0.53311367932131837      -0.45367732119787202      -0.76951166618126177     
   1.5192796102589781     
   1.7689945538509888E-005
         369         390
  -0.0000000000000000       -0.0000000000000000       -0.0000000000000000     
20
-0.0210674866337 -0.00965821110429 0.030725697738
1.5
5.72894687549e-05
107 201
2.21208838539 0.254320819153 -2.01366619792
          20
 -0.53311367932131837      -0.45367732119787202      -0.76951166618126177     
   1.5192796102589781     
   5.7289468754880696E-005
         107         201
  -0.0000000000000000       -0.0000000000000000       -0.0000000000000000     
21
-0.0210674866337 -0.00965821110429 0.030725697738
1.5
1.68112679078e-05
288 291
0.10672130506 -2.24566547051 -2.0624325486
          21
 -0.53311367932131837      -0.45367732119787202      -0.76951166618126177     
   1.5192796102589781     
   1.6811267907822919E-005
         288         291
  -0.0000000000000000       -0.0000000000000000       -0.0000000000000000     
22
-0.0210674866337 -0.00965821110429 0.030725697738
1.5
7.04044616805e-05
270 275
-2.13947788549 -2.14008245109 0.14996343007
          22
 -0.53311367932131837      -0.45367732119787202      -0.76951166618126177     
   1.5192796102589781     
   7.0404461680497257E-005
         270         275
  -0.0000000000000000       -0.0000000000000000       -0.0000000000000000     
23
-0.0210674866337 -0.00965821110429 0.030725697738
1.5
4.70586434242e-05
321 322
0.180112908796 2.24219393092 -1.89760408369
          23
 -0.53311367932131837      -0.45367732119787202      -0.76951166618126177     
   1.5192796102589781     
   4.7058643424215812E-005
         321         322
  -0.0000000000000000       -0.0000000000000000       -0.0000000000000000     
24
-0.0210674866337 -0.00965821110429 0.030725697738
1.5
8.00819819214e-06
4 87
-0.0188581565163 1.84489911257 -2.28283580508
          24
 -0.53311367932131837      -0.45367732119787202      -0.76951166618126177     
   1.5192796102589781     
   8.0081981921383688E-006
           4          87
   22.728359436296657        602.02532567429876        413.04613327678578     
25
-0.0210674866337 -0.00965821110429 0.030725697738
1.5
5.74025211979e-06
22 120
2.24301933365 -0.0103479920512 -1.98884124965
          25
 -0.53311367932131837      -0.45367732119787202      -0.76951166618126177     
   1.5192796102589781     
   5.7402521197891937E-006
          22         120
  -0.0000000000000000       -0.0000000000000000       -0.0000000000000000     
26
-0.0210674866337 -0.00965821110429 0.030725697738
1.5
1.27313020898e-05
297 298
0.0663164324084 2.27101630449 -1.85904405604
          26
 -0.53311367932131837      -0.45367732119787202      -0.76951166618126177     
   1.5192796102589781     
   1.2731302089757923E-005
         297         298
   0.0000000000000000       -0.0000000000000000       -0.0000000000000000     
27
-0.0210674866337 -0.00965821110429 0.030725697738
1.5
3.14003769722e-08
123 237
1.89752915333 0.109540583871 -2.25535301173
          27
 -0.53311367932131837      -0.45367732119787202      -0.76951166618126177     
   1.5192796102589781     
   3.1400376972190447E-008
         123         237
   34565.227508064556        34640.288973487768        30831.343685059655     
28
-0.0210674866337 -0.00965821110429 0.030725697738
1.5
2.55871384439e-05
5 407
2.24218521262 0.158587820237 1.85539599538
          28
 -0.53311367932131837      -0.45367732119787202      -0.76951166618126177     
   1.5192796102589781     
   2.5587138443916579E-005
           5         407
  -0.0000000000000000       -0.0000000000000000       -0.0000000000000000     
29
-0.0210674866337 -0.00965821110429 0.030725697738
1.5
7.0751211213e-05
475 492
0.0372077675872 -1.15040472314 1.26777256588
          29
 -0.53311367932131837      -0.45367732119787202      -0.76951166618126177     
   1.5192796102589781     
   7.0751211213013958E-005
         475         492
  -0.0000000000000000       -0.0000000000000000       -0.0000000000000000     
30
-0.0210674866337 -0.00965821110429 0.030725697738
1.5
1.65044658552e-05
218 300
-2.12079029186 0.0675642493156 -2.0904763677
          30
 -0.53311367932131837      -0.45367732119787202      -0.76951166618126177     
   1.5192796102589781     
   1.6504465855248234E-005
         218         300
  -3564.3055441057309        349.40531720681918       -1299.7573474327714     
31
-0.0210674866337 -0.00965821110429 0.030725697738
1.5
9.45981800682e-06
299 393
1.22813840635 -0.15049965313 -1.20985686604
          31
 -0.53311367932131837      -0.45367732119787202      -0.76951166618126177     
   1.5192796102589781     
   9.4598180068188216E-006
         299         393
  -0.0000000000000000       -0.0000000000000000       -0.0000000000000000     
32
-0.0210674866337 -0.00965821110429 0.030725697738
1.5
1.48086385212e-05
168 171
0.192670076248 -1.99386705665 -2.13649273606
          32
 -0.53311367932131837      -0.45367732119787202      -0.76951166618126177     
   1.5192796102589781     
   1.4808638521169367E-005
         168         171
   17729.938475794293        28702.126873903719        113725.66247681712     
33
-0.0210674866337 -0.00965821110429 0.030725697738
1.5
4.1602790461e-05
143 257
1.91511847778 0.0808556273805 -2.19630427837
          33
 -0.53311367932131837      -0.45367732119787202      -0.76951166618126177     
   1.5192796102589781     
   4.1602790460996963E-005
         143         257
  -0.0000000000000000       -0.0000000000000000       -0.0000000000000000     
34
-0.0210674866337 -0.00965821110429 0.030725697738
1.5
2.70957425639e-05
103 117
2.1209650868 -0.185732818718 1.97955295007
          34
 -0.53311367932131837      -0.45367732119787202      -0.76951166618126177     
   1.5192796102589781     
   2.7095742563943911E-005
         103         117
  -0.0000000000000000       -0.0000000000000000       -0.0000000000000000     
35
-0.0210674866337 -0.00965821110429 0.030725697738
1.5
1.13135746379e-05
192 194
-2.0037395247 0.202850443528 -2.0904518803
          35
 -0.53311367932131837      -0.45367732119787202      -0.76951166618126177     
   1.5192796102589781     
   1.1313574637883059E-005
         192         194
  -0.0000000000000000       -0.0000000000000000       -0.0000000000000000     
36
-0.0210674866337 -0.00965821110429 0.030725697738
1.5
0.000124137959842
303 320
-0.244867939497 -1.82543646407 2.10910998552
          36
 -0.53311367932131837      -0.45367732119787202      -0.76951166618126177     
   1.5192796102589781     
   1.2413795984189159E-004
         303         320
   0.0000000000000000        0.0000000000000000        0.0000000000000000     
37
-0.0210674866337 -0.00965821110429 0.030725697738
1.5
0.000100865595279
70 75
-2.06559409738 -1.83942131182 -0.252828351839
          37
 -0.53311367932131837      -0.45367732119787202      -0.76951166618126177     
   1.5192796102589781     
   1.0086559527903299E-004
          70          75
  -0.0000000000000000       -0.0000000000000000       -0.0000000000000000     
38
-0.0210674866337 -0.00965821110429 0.030725697738
1.5
1.40524229993e-05
318 319
1.78728815862 -2.15176724159 -0.0280790025458
          38
 -0.53311367932131837      -0.45367732119787202      -0.76951166618126177     
   1.5192796102589781     
   1.4052422999344394E-005
         318         319
  -0.0000000000000000       -0.0000000000000000       -0.0000000000000000     
39
-0.0210674866337 -0.00965821110429 0.030725697738
1.5
5.18412058405e-06
158 256
1.96628991743 0.281209434599 -1.94843507145
          39
 -0.53311367932131837      -0.45367732119787202      -0.76951166618126177     
   1.5192796102589781     
   5.1841205840549853E-006
         158         256
  -598119.97552289045       -598119.97552289045       -598119.97552289045     
40
-0.0210674866337 -0.00965821110429 0.030725697738
1.5
1.46708179997e-05
305 308
-2.08257948485 1.79250017253 0.233772727059
          40
 -0.53311367932131837      -0.45367732119787202      -0.76951166618126177     
   1.5192796102589781     
   1.4670817999723126E-005
         305         308
  -0.0000000000000000       -0.0000000000000000       -0.0000000000000000     
41
-0.0210674866337 -0.00965821110429 0.030725697738
1.5
2.34034750267e-05
477 480
-1.82865249304 -2.12903051648 0.0100848556482
          41
 -0.53311367932131837      -0.45367732119787202      -0.76951166618126177     
   1.5192796102589781     
   2.3403475026731457E-005
         477         480
  -0.0000000000000000       -0.0000000000000000       -0.0000000000000000     
